min gen time
3 1 0.618
3 1 0.583
3 2 0.585
3 1 0.579
3 3 0.597
3 10 0.619
3 0 0.6
3 1 0.6
3 1 0.596
3 1 0.602
3 1 0.598
3 1 0.678
3 0 0.62
3 5 0.613
3 2 0.601
3 2 0.642
3 2 0.667
3 1 0.658
3 4 0.598
3 7 0.61
3 2 0.619
3 2 0.609
3 1 0.601
3 7 0.63
3 6 0.611
3 1 0.598
3 3 0.608
3 1 0.599
3 3 0.609
3 1 0.605
3 3 0.612
3 1 0.6
3 6 0.608
3 1 0.584
3 3 0.599
3 2 0.602
3 5 0.62
3 2 0.604
3 1 0.596
3 2 0.602
3 0 0.596
3 2 0.605
3 1 0.601
3 1 0.594
3 1 0.617
3 2 0.587
3 4 0.616
3 2 0.595
3 3 0.595
3 1 0.586
3 5 0.604
3 11 0.636
3 1 0.58
3 3 0.626
3 1 0.593
3 0 0.57
3 1 0.573
3 1 1.396
3 3 1.527
3 7 1.627
3 2 1.551
3 0 1.502
3 6 0.615
3 3 0.605
3 2 0.603
3 3 0.618
3 2 0.633
3 6 0.623
3 5 0.62
3 5 1.217
3 6 1.632
3 3 1.62
3 2 1.545
3 1 1.509
3 3 1.544
3 3 1.555
3 3 1.562
3 3 1.582
3 1 1.393
3 2 0.616
3 3 0.605
3 2 0.641
3 1 0.598
3 2 0.637
3 1 0.599
3 1 0.584
3 1 0.589
3 13 0.656
3 1 0.598
3 3 1.121
3 2 1.716
3 1 1.553
3 2 1.615
3 1 1.569
3 2 1.672
3 4 1.551
3 2 1.528
3 1 1.496
3 1 1.571
3 7 1.586
