min gen time
2 5 0.051
2 3 0.017
2 7 0.036
2 2 0.085
2 10 0.066
2 10 0.051
2 2 0.013
2 6 0.031
2 23 0.108
2 3 0.017
2 4 0.024
2 9 0.045
2 2 0.013
2 7 0.036
2 4 0.023
2 5 0.027
2 25 0.116
2 5 0.026
2 8 0.213
2 7 0.049
2 7 0.038
2 4 0.025
2 6 0.036
2 4 0.027
2 7 0.046
2 7 0.041
2 9 0.051
2 5 0.028
2 8 0.048
2 42 0.206
2 5 0.025
2 5 0.027
2 27 0.125
2 12 0.058
2 3 0.018
2 10 0.05
2 17 0.081
2 5 0.028
2 8 0.04
2 9 0.064
2 4 0.022
2 3 0.018
2 14 0.069
2 5 0.027
2 5 0.026
2 7 0.036
2 3 0.02
2 5 0.03
2 2 0.015
2 6 0.033
2 5 0.028
2 4 0.021
2 4 0.024
2 4 0.022
2 10 0.05
2 3 0.02
2 16 0.076
2 2 0.013
2 5 0.027
2 24 0.11
2 0 0.005
2 5 0.029
2 5 0.027
2 8 0.06
2 7 0.035
2 5 0.028
2 3 0.017
2 4 0.021
2 20 0.094
2 2 0.014
2 15 0.07
2 5 0.028
2 4 0.024
2 34 0.153
2 2 0.015
2 7 0.037
2 11 0.054
2 7 0.037
2 4 0.022
2 3 0.018
2 8 0.04
2 2 0.013
2 5 0.028
2 8 0.042
2 7 0.035
2 10 0.049
2 5 0.026
2 6 0.032
2 22 0.104
2 7 0.035
2 19 0.088
2 5 0.043
2 3 0.021
2 12 0.059
2 50 0.229
2 3 0.018
2 7 0.038
2 6 0.033
2 5 0.029
2 1 0.009
